10 2 -9.7084292017059417177493651482118
10 2 -722511313540.5194097201747944580
10 2 2.9983576533445271455277753704366
10 2 0.000983000002348230000082300000
10 2 -241757.708017395288508944222

2 10 0.10011100110110001000001111101001100011011011111
2 10 -000101.100110001101100111110100000001000101101011
2 10 10101010000111111.0110010100000111100000000000000
2 10 -0000.0000000001001100010000000001
2 10 -0010111.10111111101010110001111110011110010011001110


10 -7097015.92986349746750788026 / 214972.42101165582632094950496412
2 -0100.0010110010100000000000111100100101001100010100 / -0011011.010001100001110011111011010111100110111011010
10 592578052.6634396391619861 / -0.7581954455145335214121641862796
10 5320.181869670050845040273050 / 8078180.7678637790865076815963186
2 011.110110001001110100010010100111111101001 / 101.10111111101100111000110000100101111000001101011

10 -328.14544754145494465405218933422 * 25272705393959215.448566
10 -6588025819098.6534067497559478344 * -512507.99202122405937808
2 101.01110001001010000000000101110110100100001111101 * -001001100.11001110001001110010000010010001111100110
10 -08.885185941142775448434088874641 * 646166875186464.1663396510
2 1110010000.1100011111110101011011110001101110100101 * -1000.0101011100110101010000110100010000011110000111
10 12.12345678901234567890123456789012345678901234567890 * 0.135792468013579246801357924680135792468013579246800864297531

2 -00000.111110000001111001101111001101011101101101110 - 11.1110010100101000110111101011001110111011101
2 111.11010110110000010111000100000100110100 - -011.10010101110010000001110000111
10 86961.443956311256850976793727976 - 085161.84776765258241413485
2 111000.00010111000111101010001000101101011011010001 - 11100.110111001011010011100111001110100011001111110
10 7.7620304004712416901306573515564 - -64415790.826449671616230
10 987.6543211111111111111111111111111111111111111111 - 9999987.6664449898989898989898989876767676767676767676

2 -00.001000010010101011110111110000110100001110000011 + -10110101110011.101110000101101010100011010010000001
2 1.1010000111110110111001001011011 + -0000.0001111001110101010011111001101101010110100101
10 -94.353541474952247456172903746753 + 1.524864601653064417
10 -784994004344.07601754732159 + 883871063547.64797771998
10 54.9999987654123456789012345678901234567890123456789032111111 + 45.1111183612341234567890567890123456789012345678905438111119