-1001.1011010101011011100111011011110011011011110000001001000100011011101010110010100000100101101110001001111011011
-1010100000111001000001111011101010000100.1000010011111000000010010001000101100000000100001001111010110110011010111
10.111111111001010001011101111111101101001101110111111101000101101100000111010101110100110001001100001100011100001
0.00000000010000000110110000000000110111001010111110001010111101110001001110000101010100111000011001101100001010001111
-111011000001011101.1011010101000000101000001100010111000011011001000110000011010010110100010101011101001101110101
0.61267876102441931607245351187884807586669921875
-5.597075701773746914113871753215789794921875
87103.39464569091796875
-0.0011634863913059234619140625
-23.7487048875308346396195702254772186279296875
-33.0136112179650083994910671379711734837786359632701774342431299126381094577453723104554228484630584716796875
0.001001110010111001100111010000100110011101010001001000110011111111010111110111001101011011010000000110011111111
-781563719.7098947307071520208223039417091833507065905262134464237533393315970897674560546875
0.00065858663262829378142367525913220878021392789420196627332009687240987189693120808231530105558704235590994358062744140625
0.101010110100010110011010100100101100010000110010010100011001100100111001001100000001100110101010110000100111101
-8293123222084089153.48334881130701301543695080908946692943572998046875
3376415883930230758.566150615724891448365951873711310327053070068359375
-110100001.111110011100001110001110101101111110111000110001111000011100000011101001001101110100111
-5741312835038929.9296293538526116638498475452934144414030015468597412109375
-1110110111101.00110001100010010001111010100101010000100101011010001010011001000011100001011100000011
1.64627411823596911403073108162378620637628553416491253370616548661162399647128751212221686728298664093017578125
-100.11011101010001110100110111101001100101110001
1011.011011001000100110001101001111001101
1799.596188658674436841943727976010456289535203804107614034869799812810242656269110739231109619140625
11011.0011101001101001101110101111001100111001001
64415798.588480072087471690130657348379179346188624726531057884670872226706705987453460693359375
-9999000.0121238787878787878787878760332608172407405588109907679239540811977349221706390380859375
-10110101110011.110110011000010110011011000010110101001110000011
1.1000001110000001100101010001101010101001011011
-92.8286768732991830391729037467529961518170648366495885301627848649498597755069795312010683119297027587890625
98877059203.5719601726584099999999483265726053782262994218399398960173130035400390625
100.1111171266464691356902913569024544664347223141132352752474444384546414799075364499003626406192779541015625
