111
11111111111111111111111111111111111111111111111111111111111111111111111111111111111111111111111111111111111111111111111111111001
1010100111011000111011
1
11111111011111010
10
11111111111111111111111111111111111111111111111111111111111111111111111111111111111111111111111111111111111111111111111000000100
1
10010101000000000
10111100111
0
0
-11
1
-10
-712831189085579435201
0
-4004556367261024
159217659399
-16296285
0
-686
0
1
0
85070591730234615865843651857942052864
-170141183460469231731687303715884105728
9
7029C168
959184
FFF
550
8A7EF
FFFFFFFFFFFFFFFFFFFFFFFFF43077FF
A0
68F378
1CF1F
